Id,Address,Latitude,Longitude,Time
1,台南市新市區仁愛路360-9號,23.07894000000 ,120.29525000000 ,1060504 1803
2,台南市永康區復興路356巷59號,22.99989484763 ,120.24229527200 ,1060601 0000
3,台南市南區大同路2段112巷7號,22.97974181652 ,120.21176223772 ,1060531 1930
4,台南市六甲區七甲街63號前,23.22192862003 ,120.34625301526 ,1060529 0359
5,台南市安平區華平路738號,22.99883629448 ,120.17595811034 ,1060606 0630
6,台南市北區和緯路4段111號,23.00883041298 ,120.19106101694 ,1060605 1330
7,台南市東山區東山里243-4號,23.32981000000 ,120.40269000000 ,1060326 0300
8,台南市永康區中山南路356號,23.01600436635 ,120.23661136831 ,1060601 1239
9,台南市善化區中山路518號,23.13268927062 ,120.28833296503 ,1060605 0759
10,台南市安南區安中路1段703巷58號,23.04110099585 ,120.19372359311 ,1060523 2230
11,台南市北區公園路295巷兵配廠,23.00349612744 ,120.20935716125 ,1060610 1600
12,台南市北區開元路43巷12號,23.00635674271 ,120.21543529087 ,1060610 2030
13,台南市仁德區文賢路2段55號對面,22.92007814184 ,120.23925219208 ,1060610 1520
14,台南市中西區北門路1段97號,22.99181570774 ,120.21159025867 ,1060612 2215
15,台南市東區崇善路571號,22.97249518013 ,120.22979460159 ,1060610 1950
16,台南市東區崇善路191號之旁,22.98049466057 ,120.22340651916 ,1060609 1747
17,台南市東區長榮路2段53號,22.98978041855 ,120.22017729127 ,1060611 1830
18,台南市東區崇德四街7巷21號,22.97760680377 ,120.22481345392 ,1060601 1400
19,台南市南區新建路53巷3號,22.96608854342 ,120.18553616472 ,1060510 2000
20,台南市新營區康樂街16之2號,23.30210102776 ,120.31528720039 ,1060614 0600
21,台南市中西區北門路1段7號,22.98931647322 ,120.21116236580 ,1060624 1019
22,台南市北區小東路147巷,23.00104659798 ,120.22691074273 ,1060628 2030
23,台南市北區長榮路5段401巷75號,23.01201120483 ,120.21293557508 ,1060703 1800
24,台南市中西區北門路1段101號,22.99224553872 ,120.21162790020 ,1060705 1330
25,台南市北區開元路219號,23.00731776187 ,120.22002717194 ,1060705 1414
26,台南市中西區民族路3段與海安路口,22.99754417479 ,120.19988495599 ,1060704 2249
27,台南市中西區北門路1段97號,22.99181570774 ,120.21159025867 ,1060707 2120
28,台南市佳里區東寧里文化路198號,23.16316352207 ,120.17686002845 ,1060709 1327
29,台南市中西區建安街51巷24號,22.98790828282 ,120.19539963099 ,1060710 2200
30,台南市永康區中山路108號,23.02895181349 ,120.25649764836 ,1060710 1918
31,台南市北區和緯路2段延平國中旁,23.01241045646 ,120.20461951191 ,1060710 1400
32,台南市北區勝利路190巷,23.00245521076 ,120.21912119007 ,1060713 2222
33,台南市東區府東街137號,22.98645150929 ,120.21659037677 ,1060717 2300
34,台南市南區新和東路51號,22.96104000000 ,120.18890000000 ,1060720 1600
35,台南市東山區北興街284號旁空地,23.32698790398 ,120.40338397930 ,1060717 1000
36,台南市仁德區中山路與淨修街口,22.97048329240 ,120.26163989806 ,1060723 2130
37,台南市中西區北門路1段101號,22.99224553872 ,120.21162790020 ,1060723 0900
38,台南市北區公園路750號,23.00948662670 ,120.21046707995 ,1060728 1100
39,台南市中西區北門路1段101號,22.99224553872 ,120.21162790020 ,1060803 2100
40,台南市安平區郡平路56號,22.98864530726 ,120.17196942937 ,1060803 2030
41,台南市仁德區裕忠三街85號停車棚,22.97976875215 ,120.24016602715 ,1060802 2050
42,台南市善化區東關里中山路351-3號,23.13212458728 ,120.29327479808 ,1060804 0216
43,台南市東區中華東路3段380巷53號,22.97481002470 ,120.21967599403 ,1060806 0046
44,台南市永康區永康里永正路5-1號,23.02521562975 ,120.25440003136 ,1060811 1600
45,台南市永康區大橋里中華路878號,23.01928900889 ,120.22536107008 ,1060814 1820
46,台南市永康區永大路二段1266號,23.02129097974 ,120.26155477313 ,1060816 1830
47,台南市永康區大橋一街324巷28號,23.01882829087 ,120.23299980697 ,1060814 1800
48,台南市新營區新進路1段319號,23.30102148958 ,120.31469065904 ,1060804 2253
49,台南市麻豆區興南路來來釣蝦場前,23.18305500000 ,120.24841018802 ,1060819 0600
50,台南市麻豆區麻豆圖書館停車場,23.18527000000 ,120.25852000000 ,1060821 0810
51,台南市六甲區中正路459巷34弄前,23.22978082031 ,120.35055954194 ,1060811 2154
52,台南市北區公園北路南二中校門左邊,23.00502849955 ,120.20827412757 ,1060818 0836
53,台南市北區開元路342巷7弄6號,23.00935231779 ,120.22448531488 ,1060820 0915
54,台南市北區西門路4段239號,23.01170021732 ,120.20874076935 ,1060820 0717
55,台南市安平區國平建平7,22.99459000000 ,120.16847000000 ,1060807 1300
56,台南市南區國民路238巷14號,22.96874389870 ,120.21076403887 ,1060822 0842
57,台南市北區公園北路133號,23.00457287870 ,120.21046464571 ,1060904 1700
58,台南市永康區烏竹里自強路830號,23.03783636497 ,120.26457701916 ,1060905 1330
59,台南市永康區中山南路195巷10號,23.01554632890 ,120.23476126562 ,1060906 1850
60,台南市南區南門路247-1號,22.97991709118 ,120.20371788172 ,1060902 1000
61,台南市安南區海佃路4段55巷83號,23.05401808215 ,120.17522470497 ,1060909 1646
62,台南市永康區國華街162巷12號,23.01443364371 ,120.24670409874 ,1060901 0016
63,台南市中西區樹林街,22.98587000000 ,120.20443000000 ,1060911 1700
64,台南市東區東寧路長榮路,22.99150656412 ,120.22316926490 ,1060912 1710
65,台南市南區新興路461巷8弄11號,22.97392942362 ,120.18936380499 ,1060915 0430
66,台南市歸仁區許厝里復興路92號前,22.96537337962 ,120.29636761056 ,1060914 2010
67,台南市北區小東路57號腳踏車停車場,23.00072241387 ,120.22310889079 ,1060916 1408
68,台南市東區長榮路2段37號,22.98949292146 ,120.21991776865 ,1060920 1720
69,台南市安南區海佃路1段243巷,23.02547807577 ,120.19124862961 ,1060921 0700
70,台南市安南區海佃路1段243巷,23.02547807577 ,120.19124862961 ,1060921 1330
71,台南市佳里區六安里中山路431號,23.16514314516 ,120.17765170968 ,1060922 1850
72,台南市南化區小崙里小崙路63號,23.04908156938 ,120.48522715991 ,1060902 0150
73,台南市安南區總頭里長溪路2段581巷38號,23.05538455176 ,120.20138803566 ,1060923 1316
74,台南市北區北安路1段257號,23.01902016236 ,120.20690623591 ,1060929 0642
75,台南市中西區北門路1段97號,22.99181570774 ,120.21159025867 ,1061005 2130
76,台南市北區開元路176號,23.00725922702 ,120.22000884638 ,1061002 2055
77,台南市麻豆區三民路9-9號前,23.18321834110 ,120.24579838343 ,1061008 2328
78,台南市南區大同路2段164巷,22.97784210335 ,120.21356022371 ,1061006 1123
79,台南市東區林森路2段46號,22.98662645906 ,120.22291505442 ,1061008 1610
80,台南市中西區開山路66號,22.99048953344 ,120.20647376949 ,1061011 0000
81,台南市安南區安和路3段115巷11弄2號,23.04648987937 ,120.21720400470 ,1061012 0700
82,台南市北區西門路3段171號,23.00410627062 ,120.20456323438 ,1061013 1700
83,台南市新化區那拔林297號,23.06798183874 ,120.35052177047 ,1061010 2000
84,台南市新營區三民路97之3號,23.30675236329 ,120.31206330336 ,1061020 1250
85,台南市永康區忠勇街32巷51號,22.99944248932 ,120.23979652554 ,1061031 0730
86,台南市後壁區後壁里火車站南側停車場,23.36229000000 ,120.37015000000 ,1061021 1700
87,台南市東區長榮路3段135號,22.99568506856 ,120.22184632027 ,1061028 1200
88,台南市下營區人和二街160號前,23.23751856731 ,120.26184818651 ,1061022 1601
89,台南市東區府東街97號,22.98602056757 ,120.21800885123 ,1061029 2126
90,台南市永康區大橋一街1號,23.01488162837 ,120.22515482446 ,1061101 1115
91,台南市東區東寧路472巷5號,22.98905340966 ,120.22979894991 ,1061025 1900
92,台南市安南區大安街23號後門,23.03124216126 ,120.19116269969 ,1061010 2130
93,台南市東區崇德路茶詩集飲料店前555號,22.96884657652 ,120.22749900000 ,1061031 1330
94,台南市新營區健康路251號(家樂福新營店)前,23.31914993061 ,120.31211991950 ,1061024 0950
95,台南市安平區文平路405號,22.99253657730 ,120.17862952455 ,1061101 1800
96,台南市南區金華路2段33巷,22.97805312054 ,120.19116687610 ,1061109 1810
97,台南市永康區勝華街33號,23.00644159839 ,120.23410757216 ,1061103 1700
98,台南市下營區中正北路182號前,23.23791081710 ,120.26147549792 ,1061022 0630
99,台南市安平區安平路177號,23.00021952900 ,120.16115136664 ,1061113 1800
100,台南市北區開南街275巷2弄36號,23.00373464141 ,120.22921533888 ,1061115 0031
101,台南市永康區小東路647巷10弄3號,22.99907050375 ,120.23897875146 ,1061116 0022
102,台南市中西區忠義路健康路口,22.99233000000 ,120.20555000000 ,1061106 2000
103,台南市安南區海佃路1段345巷28號,23.02694996809 ,120.19032074924 ,1061123 2220
104,台南市安平區文平平通,22.99459000000 ,120.16847000000 ,1061122 0700
105,台南市善化區什乃里190號,23.14463000000 ,120.27987000000 ,1061110 1041
,台南市下營區中山路2段32號前,23.23431613988 ,120.26105073937 ,1061114 2332
